PLAYER -96 0
BLOCK 0 -192 -192 224 32
BLOCK 0 1120 224 128 32
BLOCK 0 1824 -320 32 672
BLOCK 0 1760 160 64 32
BLOCK 0 1664 256 64 32
BLOCK 0 1568 96 64 32
BLOCK 0 1760 0 64 32
BLOCK 0 1568 -96 64 32
BLOCK 0 1760 -192 64 32
BLOCK 0 1568 -288 64 32
BLOCK 0 1760 -352 96 32
BLOCK 0 1312 352 544 32
BLOCK 0 -224 352 1280 32
BLOCK 0 -224 96 256 256
BLOCK 0 -224 -192 32 288
BLOCK 0 -224 384 1280 96
BLOCK 0 1312 384 544 96
BLOCK 0 1056 352 256 32
BLOCK 0 32 160 64 64
BLOCK 0 160 288 64 64
BLOCK 0 96 224 64 64
